[gd_scene load_steps=35 format=3 uid="uid://b0p7hss0binm3"]

[ext_resource type="Script" path="res://scenes/level.gd" id="1_pyfsg"]
[ext_resource type="Texture2D" uid="uid://c78yr6x1ifser" path="res://assets/imports/Dark/texture_01.png" id="3_cb6wm"]
[ext_resource type="Texture2D" uid="uid://xaeeqtijrbes" path="res://assets/imports/пол много.png" id="4_4eopd"]
[ext_resource type="Texture2D" uid="uid://dxcc3psrfg6r4" path="res://assets/imports/Light/texture_10.png" id="4_b2dwg"]
[ext_resource type="PackedScene" uid="uid://bn7fx557coo2v" path="res://scenes/access_point.tscn" id="5_b2lh3"]
[ext_resource type="Script" path="res://scripts/camera_placer_area.gd" id="6_327uf"]
[ext_resource type="Script" path="res://scripts/fish_path_follow_3d.gd" id="8_m66td"]
[ext_resource type="PackedScene" uid="uid://dmti64qangmbb" path="res://scenes/scalable_object.tscn" id="8_o8jy3"]
[ext_resource type="PackedScene" uid="uid://bta7nxuh6c0sl" path="res://scenes/fish.tscn" id="9_ftj0x"]
[ext_resource type="PackedScene" uid="uid://vw064nrftrc8" path="res://scenes/teleport_point.tscn" id="9_nl5n4"]
[ext_resource type="Script" path="res://scripts/follower_spawn.gd" id="10_kqq3p"]

[sub_resource type="BoxShape3D" id="BoxShape3D_2ur0k"]
size = Vector3(1, 1, 9.5957)

[sub_resource type="BoxShape3D" id="BoxShape3D_yq0en"]
size = Vector3(2.16406, 1, 1.10327)

[sub_resource type="BoxMesh" id="BoxMesh_b6rqu"]
size = Vector3(0.1, 0.1, 0.1)

[sub_resource type="BoxShape3D" id="BoxShape3D_anunl"]
size = Vector3(1, 1, 1.19641)

[sub_resource type="BoxShape3D" id="BoxShape3D_quks1"]
size = Vector3(2.25885, 1, 1.19641)

[sub_resource type="BoxShape3D" id="BoxShape3D_nb6i0"]
size = Vector3(1.09352, 1, 3.48654)

[sub_resource type="BoxShape3D" id="BoxShape3D_hal7w"]
size = Vector3(1.44864, 1.56067, 6.03152)

[sub_resource type="BoxShape3D" id="BoxShape3D_2rh0p"]
size = Vector3(1.44864, 1.56067, 6.19293)

[sub_resource type="BoxShape3D" id="BoxShape3D_w4ivb"]
size = Vector3(1.44864, 1.56067, 6.65364)

[sub_resource type="BoxShape3D" id="BoxShape3D_gfxnc"]
size = Vector3(1.44864, 1.56067, 5.4412)

[sub_resource type="BoxShape3D" id="BoxShape3D_i2ovh"]
size = Vector3(3.35313, 1.56067, 5.4412)

[sub_resource type="BoxShape3D" id="BoxShape3D_x1t4e"]
size = Vector3(11.5509, 5.99329, 1.05537)

[sub_resource type="BoxShape3D" id="BoxShape3D_n1l8p"]
size = Vector3(11.7139, 5.40991, 1.05537)

[sub_resource type="BoxShape3D" id="BoxShape3D_rcocn"]
size = Vector3(0.453125, 5.83722, 10.8988)

[sub_resource type="BoxShape3D" id="BoxShape3D_epohp"]
size = Vector3(1, 6.37793, 11.0673)

[sub_resource type="StandardMaterial3D" id="StandardMaterial3D_2yj88"]
albedo_texture = ExtResource("4_4eopd")
uv1_scale = Vector3(10, 10, 10)

[sub_resource type="StandardMaterial3D" id="StandardMaterial3D_senfk"]
albedo_texture = ExtResource("4_b2dwg")

[sub_resource type="StandardMaterial3D" id="StandardMaterial3D_0133c"]
albedo_texture = ExtResource("3_cb6wm")
uv1_scale = Vector3(10, 10, 10)

[sub_resource type="StandardMaterial3D" id="StandardMaterial3D_gaco4"]
albedo_texture = ExtResource("3_cb6wm")
uv1_scale = Vector3(10, 10, 10)

[sub_resource type="Curve3D" id="Curve3D_kh216"]
bake_interval = 115.54
_data = {
"points": PackedVector3Array(0, 0, 0, 0, 0, 0, -1.945, 0, 0, 0, 0, 0, 0, 0, 0, -2.12305, 0.00951576, -3.1186, 0, 0, 0, 0, 0, 0, -1.174, 1.102, -5.735, 0, 0, 0, 0, 0, 0, -0.405, 1.252, -8.799, 0, 0, 0, 0, 0, 0, -0.805, 1.329, -11.463, 0, 0, 0, 0, 0, 0, -0.0526053, -0.101456, -14.403, 0, 0, 0, 0, 0, 0, -4.87692, 0.157117, -15.7581, 0, 0, 0, 0, 0, 0, -11.0478, 3.49419, -15.6244, 0, 0, 0, 0, 0, 0, -15.2192, 0.71144, -13.5008, 0, 0, 0, 0, 0, 0, -16.0571, 0.756355, -10.6849, 0, 0, 0, 0, 0, 0, -16.4102, 0.775278, -7.45569, 0, 0, 0, 0, 0, 0, -16.2454, 0.766447, -4.76858, 0, 0, 0, 0, 0, 0, -15.8218, 0.743739, -1.84576, 0, 0, 0, 0, 0, 0, -13.6799, 0.628938, 0.841341, 0, 0, 0, 0, 0, 0, -8.45459, 0.348873, 1.59562, 0, 0, 0, 0, 0, 0, -4.31202, 0.12684, 1.05348, 0, 0, 0, 0, 0, 0, -1.945, 0, 0),
"tilts": PackedFloat32Array(0, 0, 0, 0, 0, 0, 0, 0, 0, 0, 0, 0, 0, 0, 0, 0, 0)
}
point_count = 17

[sub_resource type="NavigationMesh" id="NavigationMesh_jmepx"]
vertices = PackedVector3Array(-10.6253, 1, -0.668079, -9.12527, 1, -0.668079, -8.82527, 1, -4.26808, -10.6253, 1, -5.16808, -13.0253, 1, -0.668079, -12.4253, 1, -0.668079, -12.1253, 1, -9.36808, -13.0253, 1, -9.66808, -6.42527, 1, -5.16808, -6.72527, 1, -3.96808, -4.02527, 1, -1.56808, -3.12527, 1, -0.668079, -3.12527, 1, -9.66808, -4.02527, 1, -9.36808, -6.42527, 1, -1.56808, -6.72527, 1, -0.668079, -10.0253, 4.75, -8.16808, -10.0253, 4.75, -6.36808, -8.52527, 4.75, -6.36808, -8.52527, 5, -8.16808)
polygons = [PackedInt32Array(1, 0, 2), PackedInt32Array(2, 0, 3), PackedInt32Array(5, 4, 6), PackedInt32Array(6, 4, 7), PackedInt32Array(9, 2, 8), PackedInt32Array(8, 2, 3), PackedInt32Array(13, 12, 10), PackedInt32Array(10, 12, 11), PackedInt32Array(15, 9, 14), PackedInt32Array(14, 9, 8), PackedInt32Array(6, 7, 13), PackedInt32Array(13, 7, 12), PackedInt32Array(14, 10, 15), PackedInt32Array(15, 10, 11), PackedInt32Array(19, 18, 16), PackedInt32Array(16, 18, 17)]
geometry_source_geometry_mode = 2
geometry_source_group_name = &"bake"
cell_size = 0.3
agent_radius = 0.6
edge_max_error = 1.0

[sub_resource type="BoxShape3D" id="BoxShape3D_jq06c"]
size = Vector3(1.44153, 1, 1.78345)

[sub_resource type="BoxMesh" id="BoxMesh_bs4fr"]
size = Vector3(0.2, 0.2, 0.2)

[node name="Level" type="Node3D" node_paths=PackedStringArray("access_poits")]
script = ExtResource("1_pyfsg")
website_path = "www.verygoodgame.com/level_1"
access_poits = [NodePath("AccessPoint"), NodePath("AccessPoint2")]

[node name="AccessPoint" parent="." instance=ExtResource("5_b2lh3")]
transform = Transform3D(1, 0, 0, 0, 1, 0, 0, 0, 1, -12.1752, 0.573416, -0.650846)
id = 0

[node name="AccessPoint2" parent="." instance=ExtResource("5_b2lh3")]
transform = Transform3D(1, 0, 0, 0, 1, 0, 0, 0, 1, -9.75017, 4.4874, -6.91016)
id = 1

[node name="CameraPlacer" type="Area3D" parent="."]
transform = Transform3D(-0.642788, 0, -0.766044, 0, 1, 0, 0.766044, 0, -0.642788, -11.4412, 0.5, -8.69199)
collision_layer = 0
monitorable = false
script = ExtResource("6_327uf")

[node name="Collision" type="CollisionShape3D" parent="CameraPlacer"]
transform = Transform3D(0.642788, 0, -0.766044, 0, 1, 0, 0.766044, 0, 0.642788, 3.46111, 0.5, -1.7364)
shape = SubResource("BoxShape3D_2ur0k")

[node name="Collision2" type="CollisionShape3D" parent="CameraPlacer"]
transform = Transform3D(0.642788, 0, -0.766044, 0, 1, 0, 0.766044, 0, 0.642788, -0.948883, 0.5, -0.386093)
shape = SubResource("BoxShape3D_yq0en")

[node name="CameraPlace" type="MeshInstance3D" parent="CameraPlacer"]
transform = Transform3D(1, 0, 0, 0, 1, 0, 0, 0, 1, 0.240154, 1.48328, 1.89519)
mesh = SubResource("BoxMesh_b6rqu")

[node name="CameraPlacer2" type="Area3D" parent="."]
transform = Transform3D(0.642788, 0, -0.766044, 0, 1, 0, 0.766044, 0, 0.642788, -9.07677, -0.210146, -7.56064)
collision_layer = 0
monitorable = false
script = ExtResource("6_327uf")

[node name="Collision" type="CollisionShape3D" parent="CameraPlacer2"]
transform = Transform3D(0.766044, 0, -0.642788, 0, 1, 0, 0.642788, 0, 0.766044, -0.9, 1.01766, 0.5)
shape = SubResource("BoxShape3D_anunl")

[node name="CameraPlace" type="MeshInstance3D" parent="CameraPlacer2"]
transform = Transform3D(1, 0, 0, 0, 1, 0, 0, 0, 1, 0.240154, 1.79393, 1.95467)
mesh = SubResource("BoxMesh_b6rqu")

[node name="CameraPlacer3" type="Area3D" parent="."]
transform = Transform3D(0.642788, 0, -0.766044, 0, 1, 0, 0.766044, 0, 0.642788, -9.07677, 4.45789, -7.56064)
collision_layer = 0
monitorable = false
script = ExtResource("6_327uf")

[node name="Collision" type="CollisionShape3D" parent="CameraPlacer3"]
transform = Transform3D(0.766044, 0, -0.642788, 0, 1, 0, 0.642788, 0, 0.766044, -0.172644, -0.0828333, 0.739644)
shape = SubResource("BoxShape3D_quks1")

[node name="CameraPlace" type="MeshInstance3D" parent="CameraPlacer3"]
transform = Transform3D(1, 0, 2.98023e-08, 0, 1, 0, -2.98023e-08, 0, 1, 0.838344, 1.79393, -0.602874)
mesh = SubResource("BoxMesh_b6rqu")

[node name="CameraPlacer7" type="Area3D" parent="."]
transform = Transform3D(0.642788, 0, -0.766044, 0, 1, 0, 0.766044, 0, 0.642788, -6.02941, 1.35262, -8.43967)
collision_layer = 0
monitorable = false
script = ExtResource("6_327uf")

[node name="Collision" type="CollisionShape3D" parent="CameraPlacer7"]
transform = Transform3D(0.766044, 0, -0.642788, 0, 1, 0, 0.642788, 0, 0.766044, -0.436743, -0.595054, 1.44198)
shape = SubResource("BoxShape3D_nb6i0")

[node name="CameraPlace" type="MeshInstance3D" parent="CameraPlacer7"]
transform = Transform3D(1, 0, 2.98023e-08, 0, 1, 0, -2.98023e-08, 0, 1, 0.966736, 0.757607, -0.495141)
mesh = SubResource("BoxMesh_b6rqu")

[node name="CameraPlacer4" type="Area3D" parent="."]
transform = Transform3D(0.642788, 0, -0.766044, 0, 1, 0, 0.766044, 0, 0.642788, -8.49991, 0.519321, -9.1728)
collision_layer = 0
monitorable = false
script = ExtResource("6_327uf")

[node name="Collision" type="CollisionShape3D" parent="CameraPlacer4"]
transform = Transform3D(0.766044, 0, -0.642788, 0, 1, 0, 0.642788, 0, 0.766044, 1.40029, 0.197501, -1.75682)
shape = SubResource("BoxShape3D_hal7w")

[node name="CameraPlace" type="MeshInstance3D" parent="CameraPlacer4"]
transform = Transform3D(1, 0, 2.98023e-08, 0, 1, 0, -2.98023e-08, 0, 1, 3.38691, 1.64451, -3.93935)
mesh = SubResource("BoxMesh_b6rqu")

[node name="CameraPlacer5" type="Area3D" parent="."]
transform = Transform3D(-0.799685, 0, -0.60042, 0, 1, 0, 0.60042, 0, -0.799685, -3.70349, 0.519321, -8.21767)
collision_layer = 0
monitorable = false
script = ExtResource("6_327uf")

[node name="Collision" type="CollisionShape3D" parent="CameraPlacer5"]
transform = Transform3D(0.81835, 0, -0.57472, 0, 1, 0, 0.57472, 0, 0.81835, 1.79643, 0.197501, -2.2917)
shape = SubResource("BoxShape3D_2rh0p")

[node name="CameraPlace" type="MeshInstance3D" parent="CameraPlacer5"]
transform = Transform3D(1, 0, 2.98023e-08, 0, 1, 0, -2.98023e-08, 0, 1, 1.79358, 1.64451, -3.18909)
mesh = SubResource("BoxMesh_b6rqu")

[node name="CameraPlacer6" type="Area3D" parent="."]
transform = Transform3D(-0.799685, 0, -0.60042, 0, 1, 0, 0.60042, 0, -0.799685, -6.47735, 0.519321, -4.75835)
collision_layer = 0
monitorable = false
script = ExtResource("6_327uf")

[node name="Collision" type="CollisionShape3D" parent="CameraPlacer6"]
transform = Transform3D(0.81835, 0, -0.57472, 0, 1, 0, 0.57472, 0, 0.81835, 0.485081, 0.197501, -1.13561)
shape = SubResource("BoxShape3D_w4ivb")

[node name="CameraPlace" type="MeshInstance3D" parent="CameraPlacer6"]
transform = Transform3D(1, 0, 2.98023e-08, 0, 1, 0, -2.98023e-08, 0, 1, 2.40988, 1.64451, -4.00992)
mesh = SubResource("BoxMesh_b6rqu")

[node name="CameraPlacer8" type="Area3D" parent="."]
transform = Transform3D(-0.799685, 0, -0.60042, 0, 1, 0, 0.60042, 0, -0.799685, -6.47735, 0.519321, -4.75835)
collision_layer = 0
monitorable = false
script = ExtResource("6_327uf")

[node name="Collision" type="CollisionShape3D" parent="CameraPlacer8"]
transform = Transform3D(0.81835, 0, -0.57472, 0, 1, 0, 0.57472, 0, 0.81835, 0.485081, 0.197501, -1.13561)
shape = SubResource("BoxShape3D_gfxnc")

[node name="CameraPlace" type="MeshInstance3D" parent="CameraPlacer8"]
transform = Transform3D(1, 0, 2.98023e-08, 0, 1, 0, -2.98023e-08, 0, 1, 2.40988, 1.64451, -4.00992)
mesh = SubResource("BoxMesh_b6rqu")

[node name="CameraPlacer9" type="Area3D" parent="."]
transform = Transform3D(-0.799685, 0, -0.60042, 0, 1, 0, 0.60042, 0, -0.799685, -9.96243, 0.519321, -4.75835)
collision_layer = 0
monitorable = false
script = ExtResource("6_327uf")

[node name="Collision" type="CollisionShape3D" parent="CameraPlacer9"]
transform = Transform3D(0.81835, 0, -0.57472, 0, 1, 0, 0.57472, 0, 0.81835, 0.648321, 0.197501, -1.76175)
shape = SubResource("BoxShape3D_i2ovh")

[node name="CameraPlace" type="MeshInstance3D" parent="CameraPlacer9"]
transform = Transform3D(1, 0, 2.98023e-08, 0, 1, 0, -2.98023e-08, 0, 1, 3.60149, 2.15694, -3.34259)
mesh = SubResource("BoxMesh_b6rqu")

[node name="Walls" type="StaticBody3D" parent="."]

[node name="CollisionShape3D7" type="CollisionShape3D" parent="Walls"]
transform = Transform3D(1, 0, 0, 0, 1, 0, 0, 0, 1, -8.7795, 3.1254, 0.438139)
shape = SubResource("BoxShape3D_x1t4e")

[node name="CollisionShape3D8" type="CollisionShape3D" parent="Walls"]
transform = Transform3D(1, 0, 0, 0, 1, 0, 0, 0, 1, -8.23903, 2.83371, -10.7448)
shape = SubResource("BoxShape3D_n1l8p")

[node name="CollisionShape3D2" type="CollisionShape3D" parent="Walls"]
transform = Transform3D(1, 0, 0, 0, 1, 0, 0, 0, 1, -2.29098, 3.04736, -5.81685)
shape = SubResource("BoxShape3D_rcocn")

[node name="CollisionShape3D4" type="CollisionShape3D" parent="Walls"]
transform = Transform3D(1, 0, 0, 0, 1, 0, 0, 0, 1, -13.9471, 3.31772, -5.70804)
shape = SubResource("BoxShape3D_epohp")

[node name="DirectionalLight3D" type="DirectionalLight3D" parent="."]
transform = Transform3D(1, 0, 0, 0, 0.607972, 0.793959, 0, -0.793959, 0.607972, -8.98671, 2.89812, -1.77102)
light_indirect_energy = 0.556

[node name="DirectionalLight3D2" type="DirectionalLight3D" parent="."]
transform = Transform3D(-0.816188, 0.458739, -0.351278, 0, 0.607972, 0.793959, 0.577786, 0.64802, -0.496219, -13.2766, 2.89812, -9.57894)
light_color = Color(0.488919, 0.590181, 1, 1)
light_energy = 0.3
light_indirect_energy = 0.51

[node name="Environment" type="Node3D" parent="."]

[node name="Terrain" type="Node3D" parent="Environment"]

[node name="CSGBox3D" type="CSGBox3D" parent="Environment/Terrain" groups=["bake"]]
transform = Transform3D(-4.37114e-08, 0, 1, 0, 1, 0, -1, 0, -4.37114e-08, -8.00867, 0, -5.13403)
use_collision = true
size = Vector3(10.2681, 1, 11.2332)
material = SubResource("StandardMaterial3D_2yj88")

[node name="CSGBox3D2" type="CSGBox3D" parent="Environment/Terrain" groups=["bake"]]
transform = Transform3D(-4.37114e-08, 0, 1, 0, 1, 0, -1, 0, -4.37114e-08, -9.32202, 4.42959, -7.25348)
use_collision = true
size = Vector3(2.5509, 0.0333252, 2.55127)
material = SubResource("StandardMaterial3D_2yj88")

[node name="Quest_Item" type="CSGBox3D" parent="Environment/Terrain"]
transform = Transform3D(-4.37114e-08, 0, 1, 0, 1, 0, -1, 0, -4.37114e-08, -8.82003, 0.648926, -6.49075)
material_override = SubResource("StandardMaterial3D_senfk")
use_collision = true
size = Vector3(0.3, 0.3, 0.3)
material = SubResource("StandardMaterial3D_0133c")

[node name="Skin_For_Player" type="CSGBox3D" parent="Environment/Terrain"]
transform = Transform3D(-4.37114e-08, 0, 1, 0, 1, 0, -1, 0, -4.37114e-08, -8.82003, 0.648926, -7.01352)
material_override = SubResource("StandardMaterial3D_senfk")
use_collision = true
size = Vector3(0.3, 0.3, 0.3)
material = SubResource("StandardMaterial3D_gaco4")

[node name="Wall" type="CSGBox3D" parent="Environment/Terrain" groups=["bake"]]
transform = Transform3D(-4.37114e-08, 0, 1, 0, 1, 0, -1, 0, -4.37114e-08, -10.9976, 2.5, -8.5)
use_collision = true
size = Vector3(0.1, 4, 0.995117)
material = SubResource("StandardMaterial3D_2yj88")

[node name="Wall9" type="CSGBox3D" parent="Environment/Terrain" groups=["bake"]]
transform = Transform3D(-4.37114e-08, 0, 1, 0, 1, 0, -1, 0, -4.37114e-08, -9.26715, 2.5, -6.06246)
use_collision = true
size = Vector3(0.224927, 4, 2.4657)
material = SubResource("StandardMaterial3D_2yj88")

[node name="Wall10" type="CSGBox3D" parent="Environment/Terrain" groups=["bake"]]
transform = Transform3D(-4.37114e-08, 0, 1, 0, 1, 0, -1, 0, -4.37114e-08, -8.75, 2.5, -7.55093)
use_collision = true
size = Vector3(0.201855, 4, 1.5)
material = SubResource("StandardMaterial3D_2yj88")

[node name="Wall3" type="CSGBox3D" parent="Environment/Terrain" groups=["bake"]]
transform = Transform3D(-4.37114e-08, 0, 1, 0, 1, 0, -1, 0, -4.37114e-08, -7, 2.5, -8.5)
use_collision = true
size = Vector3(0.1, 4, 5)
material = SubResource("StandardMaterial3D_2yj88")

[node name="Wall2" type="CSGBox3D" parent="Environment/Terrain" groups=["bake"]]
transform = Transform3D(1, 0, 0, 0, 1, 0, 0, 0, 1, -11.5, 2.5, -4.28591)
use_collision = true
size = Vector3(0.1, 4, 8.5)
material = SubResource("StandardMaterial3D_2yj88")

[node name="Wall4" type="CSGBox3D" parent="Environment/Terrain" groups=["bake"]]
transform = Transform3D(1, 0, 0, 0, 1, 0, 0, 0, 1, -4.55, 2.5, -8)
use_collision = true
size = Vector3(0.1, 4, 1)
material = SubResource("StandardMaterial3D_2yj88")

[node name="Wall7" type="CSGBox3D" parent="Environment/Terrain" groups=["bake"]]
transform = Transform3D(1, 0, 0, 0, 1, 0, 0, 0, 1, -10.5501, 2.5, -7.23096)
use_collision = true
size = Vector3(0.1, 4, 2.5)
material = SubResource("StandardMaterial3D_2yj88")

[node name="Wall11" type="CSGBox3D" parent="Environment/Terrain" groups=["bake"]]
transform = Transform3D(1, 0, 0, 0, 1, 0, 0, 0, 1, -8.15552, 2.5, -6.74146)
use_collision = true
size = Vector3(0.28584, 4, 1.5)
material = SubResource("StandardMaterial3D_2yj88")

[node name="Wall8" type="CSGBox3D" parent="Environment/Terrain" groups=["bake"]]
transform = Transform3D(1, 0, 0, 0, 1, 0, 0, 0, 1, -9.48236, 2.5, -7.98486)
use_collision = true
size = Vector3(0.1, 4, 1)
material = SubResource("StandardMaterial3D_2yj88")

[node name="Wall5" type="CSGBox3D" parent="Environment/Terrain"]
transform = Transform3D(1, 0, 0, 0, 1, 0, 0, 0, 1, -2.60115, 2.5, -7.98963)
use_collision = true
size = Vector3(0.606299, 4, 1)
material = SubResource("StandardMaterial3D_2yj88")

[node name="Obstacles" type="Node3D" parent="Environment"]

[node name="ScalableObject" parent="Environment/Obstacles" groups=["bake"] instance=ExtResource("8_o8jy3")]
transform = Transform3D(1, 0, 0, 0, 1, 0, 0, 0, 1, -5.16337, 0.805376, -7.41401)

[node name="ScalableObject2" parent="Environment/Obstacles" groups=["bake"] instance=ExtResource("8_o8jy3")]
transform = Transform3D(1, 0, 0, 0, 1, 0, 0, 0, 1, -5.16337, 0.805376, -6.20486)

[node name="ScalableObject3" parent="Environment/Obstacles" groups=["bake"] instance=ExtResource("8_o8jy3")]
transform = Transform3D(1, 0, 0, 0, 1, 0, 0, 0, 1, -5.16337, 0.805376, -4.92854)

[node name="ScalableObject4" parent="Environment/Obstacles" groups=["bake"] instance=ExtResource("8_o8jy3")]
transform = Transform3D(1, 0, 0, 0, 1, 0, 0, 0, 1, -5.16337, 0.805376, -3.71627)

[node name="ScalableObject5" parent="Environment/Obstacles" groups=["bake"] instance=ExtResource("8_o8jy3")]
transform = Transform3D(1, 0, 0, 0, 1, 0, 0, 0, 1, -5.16337, 0.805376, -2.58314)

[node name="ScalableObject7" parent="Environment/Obstacles" groups=["bake"] instance=ExtResource("8_o8jy3")]
transform = Transform3D(1, 0, 0, 0, 1, 0, 0, 0, 1, -7.1071, 0.805376, -7.41401)

[node name="ScalableObject8" parent="Environment/Obstacles" groups=["bake"] instance=ExtResource("8_o8jy3")]
transform = Transform3D(1, 0, 0, 0, 1, 0, 0, 0, 1, -7.08518, 0.805376, -6.29443)

[node name="ScalableObject10" parent="Environment/Obstacles" groups=["bake"] instance=ExtResource("8_o8jy3")]
transform = Transform3D(1, 0, 0, 0, 1, 0, 0, 0, 1, -7.90071, 0.805376, -2.9786)

[node name="ScalableObject11" parent="Environment/Obstacles" groups=["bake"] instance=ExtResource("8_o8jy3")]
transform = Transform3D(1, 0, 0, 0, 1, 0, 0, 0, 1, -7.90071, 0.805376, -1.83214)

[node name="ScalableObject12" parent="Environment/Obstacles" groups=["bake"] instance=ExtResource("8_o8jy3")]
transform = Transform3D(1, 0, 0, 0, 1, 0, 0, 0, 1, -7.90071, 0.805376, -0.631791)

[node name="Fishes" type="Node3D" parent="Environment"]

[node name="Path3D" type="Path3D" parent="Environment/Fishes"]
transform = Transform3D(0.998567, -0.0535211, 0, 0.0535211, 0.998567, 0, 0, 0, 1, 0.290007, 2.08741, 1.6285)
curve = SubResource("Curve3D_kh216")

[node name="PathFollow3D" type="PathFollow3D" parent="Environment/Fishes/Path3D"]
transform = Transform3D(0.998372, 0.00017364, 0.0569997, 1.45519e-11, 0.999992, -0.00304631, -0.057, 0.00304135, 0.998367, -1.945, 0, 0)
script = ExtResource("8_m66td")

[node name="Fish" parent="Environment/Fishes/Path3D/PathFollow3D" instance=ExtResource("9_ftj0x")]

[node name="Path3D2" type="Path3D" parent="Environment/Fishes"]
transform = Transform3D(-0.751268, 0.0402664, -0.658768, 0.0535211, 0.998567, 0, 0.657824, -0.035258, -0.752346, -18.8951, 5.03698, -4.90782)
curve = SubResource("Curve3D_kh216")

[node name="PathFollow3D" type="PathFollow3D" parent="Environment/Fishes/Path3D2"]
transform = Transform3D(0.998372, 0.00017364, 0.0569997, 1.45519e-11, 0.999992, -0.00304631, -0.057, 0.00304135, 0.998367, -1.945, 0, 0)
script = ExtResource("8_m66td")

[node name="Fish" parent="Environment/Fishes/Path3D2/PathFollow3D" instance=ExtResource("9_ftj0x")]

[node name="Path3D3" type="Path3D" parent="Environment/Fishes"]
transform = Transform3D(0.0487275, -0.00261169, -0.998809, 0.0535211, 0.998567, -2.80271e-09, 0.997378, -0.0534573, 0.0487974, -14.3805, 1.47465, 3.42055)
curve = SubResource("Curve3D_kh216")

[node name="PathFollow3D" type="PathFollow3D" parent="Environment/Fishes/Path3D3"]
transform = Transform3D(0.998372, 0.00017364, 0.0569997, 1.45519e-11, 0.999992, -0.00304631, -0.057, 0.00304135, 0.998367, -1.945, 0, 0)
script = ExtResource("8_m66td")

[node name="Fish" parent="Environment/Fishes/Path3D3/PathFollow3D" instance=ExtResource("9_ftj0x")]

[node name="TeleportPoint" parent="." instance=ExtResource("9_nl5n4")]
transform = Transform3D(1, 0, 0, 0, 1, 0, 0, 0, 1, -10.1976, 0.929757, -1.34257)

[node name="NavigationRegion3D" type="NavigationRegion3D" parent="."]
navigation_mesh = SubResource("NavigationMesh_jmepx")

[node name="Area3D" type="Area3D" parent="."]
transform = Transform3D(1, 0, 0, 0, 1, 0, 0, 0, 1, -8.82188, 0.547114, -9.22193)
script = ExtResource("10_kqq3p")

[node name="CollisionShape3D" type="CollisionShape3D" parent="Area3D"]
transform = Transform3D(1, 0, 0, 0, 1, 0, 0, 0, 1, 0.220764, 0, -0.117554)
shape = SubResource("BoxShape3D_jq06c")

[node name="PlaceToSpawn" type="MeshInstance3D" parent="Area3D"]
transform = Transform3D(1, 0, 0, 0, 1, 0, 0, 0, 1, -3.64678, 0, 1.72642)
mesh = SubResource("BoxMesh_bs4fr")
